1.1294627058970836 62772050.23855017 45927067.08662275 89150107.39373873 8.509956562946881 134.40461746879512
1.4219093021276406 44079342.32463537 34973068.78086364 74399015.43734534 8.509956562946881 134.40461746879512
1.7900777537149968 29456004.853058048 24361848.71964683 59792224.43937218 8.509956562946881 134.40461746879512
2.25357437323923 22535244.97394746 19408968.214555908 45529010.53927235 8.509956562946881 134.40461746879512
2.83708204583898 15494405.561416563 13428774.977301871 33529719.54046093 8.509956562946881 134.40461746879512
3.5716746828516763 10699511.085793402 9414697.216367854 24326827.223442443 8.509956562946881 134.40461746879512
4.496472020903848 7324866.67219082 6496172.800919083 17851465.364706717 8.509956562946881 134.40461746879512
5.660722890537329 4964243.9935765285 4331713.831745983 12609727.673484996 8.509956562946881 134.40461746879512
7.126427896022374 3314608.131378639 2832932.682957915 8851514.095596423 8.509956562946881 134.40461746879512
8.971641173621407 2091344.7272947016 1888169.795643998 5973331.979831227 8.509956562946881 134.40461746879512
11.294627058970837 1229228.500275784 1220288.6566374146 3915844.6583757345 8.509956562946881 134.40461746879512
14.219093021276407 806046.9539598993 708042.1542564671 2589922.3804229507 8.509956562946881 134.40461746879512
17.90077753714997 483251.7502069353 430591.34435433877 1681047.2661393534 8.509956562946881 134.40461746879512
22.535743732392305 311238.2196016476 244610.31457732612 1046409.9886993204 8.509956562946881 134.40461746879512
28.3708204583898 184387.7785419701 146125.30152749666 627598.2858485109 8.509956562946881 134.40461746879512
35.71674682851676 100232.93259779953 86153.64119063441 376714.40682861337 8.509956562946881 134.40461746879512
44.96472020903849 62665.874276115996 47985.31089589023 233405.67391930943 8.509956562946881 134.40461746879512
56.60722890537329 40045.44947798466 26971.625263378304 135735.25234171684 8.509956562946881 134.40461746879512
71.26427896022375 19479.844888098054 15044.586146733507 78954.29522794428 8.509956562946881 134.40461746879512
89.71641173621408 10215.86458594599 8063.548110432033 45568.3026931684 8.509956562946881 134.40461746879512
112.94627058970838 5829.52303918667 3044.071943084748 24499.972596271095 8.509956562946881 134.40461746879512
142.1909302127641 2739.6607706005675 699.654979003168 12265.548910082889 8.509956562946881 134.40461746879512
179.00777537149975 838.2832439946741 98.63603130971644 5738.44906026831 8.509956562946881 134.40461746879512
225.35743732392314 88.1002159000756 4.9551486636355975 2169.9938560246387 8.509956562946881 134.40461746879512
283.7082045838981 0.06528541669136206 0.0 735.5168205837779 8.509956562946881 134.40461746879512
357.1674682851676 0.0 0.0 161.14968825204696 8.509956562946881 134.40461746879512
449.6472020903849 0.0 0.0 19.15135588309996 8.509956562946881 134.40461746879512
566.0722890537331 0.0 0.0 0.9310423172058729 8.509956562946881 134.40461746879512
712.6427896022379 0.0 0.0 0.0 8.509956562946881 134.40461746879512
897.164117362141 0.0 0.0 0.0 8.509956562946881 134.40461746879512
1129.4627058970837 0.0 0.0 0.0 8.509956562946881 134.40461746879512
1421.9093021276408 0.0 0.0 0.0 8.509956562946881 134.40461746879512
1790.0777537149975 0.0 0.0 0.0 8.509956562946881 134.40461746879512
2253.5743732392316 0.0 0.0 0.0 8.509956562946881 134.40461746879512
2837.082045838981 0.0 0.0 0.0 8.509956562946881 134.40461746879512
3571.674682851676 0.0 0.0 0.0 8.509956562946881 134.40461746879512
4496.47202090385 0.0 0.0 0.0 8.509956562946881 134.40461746879512
5660.72289053733 0.0 0.0 0.0 8.509956562946881 134.40461746879512
7126.427896022379 0.0 0.0 0.0 8.509956562946881 134.40461746879512
8971.64117362141 0.0 0.0 0.0 8.509956562946881 134.40461746879512
11294.627058970844 0.0 0.0 0.0 8.509956562946881 134.40461746879512
14219.093021276414 0.0 0.0 0.0 8.509956562946881 134.40461746879512
17900.777537149967 0.0 0.0 0.0 8.509956562946881 134.40461746879512
22535.743732392308 0.0 0.0 0.0 8.509956562946881 134.40461746879512
28370.820458389808 0.0 0.0 0.0 8.509956562946881 134.40461746879512
35716.746828516785 0.0 0.0 0.0 8.509956562946881 134.40461746879512
44964.72020903851 0.0 0.0 0.0 8.509956562946881 134.40461746879512
56607.22890537334 0.0 0.0 0.0 8.509956562946881 134.40461746879512
71264.27896022382 0.0 0.0 0.0 8.509956562946881 134.40461746879512
