1.1294627058970836 27592109.99496711 16555265.996980265 38628953.992953956 8.841521213118437 96.3149925383422
1.4219093021276406 22817541.909223016 16096738.655960964 39716351.735326365 8.841521213118437 96.3149925383422
1.7900777537149968 20445932.78035794 15940896.744007884 27723298.6852311 8.841521213118437 96.3149925383422
2.25357437323923 15631383.796957778 9378830.278174667 21883937.315740887 8.841521213118437 96.3149925383422
2.83708204583898 11838422.226700295 8454026.225420093 16887161.11749895 8.841521213118437 96.3149925383422
3.5716746828516763 8638137.390365316 5901854.677619292 12568053.633416364 8.841521213118437 96.3149925383422
4.496472020903848 5553779.506676025 4198132.540479515 7215540.303949166 8.841521213118437 96.3149925383422
5.660722890537329 3956053.1604439886 2794003.639298613 4953285.397564218 8.841521213118437 96.3149925383422
7.126427896022374 2455061.8636723305 1801477.1617103454 3080965.331198279 8.841521213118437 96.3149925383422
8.971641173621407 1613067.4698186181 1297280.6095155603 1926872.4042201922 8.841521213118437 96.3149925383422
11.294627058970837 935372.5288293844 770923.5532593805 1267912.6384887279 8.841521213118437 96.3149925383422
14.219093021276407 663783.0373592137 493688.63403591514 712183.883833323 8.841521213118437 96.3149925383422
17.90077753714997 387086.5578925398 280421.16620111297 455576.9672944033 8.841521213118437 96.3149925383422
22.535743732392305 213802.5939339443 155271.74571644695 288312.1900327762 8.841521213118437 96.3149925383422
28.3708204583898 119602.8833785752 96037.45936966117 161211.45561653658 8.841521213118437 96.3149925383422
35.71674682851676 66400.22781886872 55130.51241139818 92576.40172906665 8.841521213118437 96.3149925383422
44.96472020903849 35028.1683846259 29299.466688763237 52083.0818303239 8.841521213118437 96.3149925383422
56.60722890537329 20087.10649056465 14599.47995144018 26892.394614209305 8.841521213118437 96.3149925383422
71.26427896022375 10666.062951345999 7348.708665757438 13983.417236934558 8.841521213118437 96.3149925383422
89.71641173621408 4795.15961164511 3551.831429447714 7338.631185215765 8.841521213118437 96.3149925383422
112.94627058970838 1691.396342691482 949.0582153868875 2952.686874781417 8.841521213118437 96.3149925383422
142.1909302127641 349.86897594141897 96.19322516397273 593.2560896397973 8.841521213118437 96.3149925383422
179.00777537149975 6.237742204176987 0.0 39.11757444486101 8.841521213118437 96.3149925383422
225.35743732392314 0.0 0.0 0.3473640843768382 8.841521213118437 96.3149925383422
283.7082045838981 0.0 0.0 0.0 8.841521213118437 96.3149925383422
357.1674682851676 0.0 0.0 0.0 8.841521213118437 96.3149925383422
449.6472020903849 0.0 0.0 0.0 8.841521213118437 96.3149925383422
566.0722890537331 0.0 0.0 0.0 8.841521213118437 96.3149925383422
712.6427896022379 0.0 0.0 0.0 8.841521213118437 96.3149925383422
897.164117362141 0.0 0.0 0.0 8.841521213118437 96.3149925383422
1129.4627058970837 0.0 0.0 0.0 8.841521213118437 96.3149925383422
1421.9093021276408 0.0 0.0 0.0 8.841521213118437 96.3149925383422
1790.0777537149975 0.0 0.0 0.0 8.841521213118437 96.3149925383422
2253.5743732392316 0.0 0.0 0.0 8.841521213118437 96.3149925383422
2837.082045838981 0.0 0.0 0.0 8.841521213118437 96.3149925383422
3571.674682851676 0.0 0.0 0.0 8.841521213118437 96.3149925383422
4496.47202090385 0.0 0.0 0.0 8.841521213118437 96.3149925383422
5660.72289053733 0.0 0.0 0.0 8.841521213118437 96.3149925383422
7126.427896022379 0.0 0.0 0.0 8.841521213118437 96.3149925383422
8971.64117362141 0.0 0.0 0.0 8.841521213118437 96.3149925383422
11294.627058970844 0.0 0.0 0.0 8.841521213118437 96.3149925383422
14219.093021276414 0.0 0.0 0.0 8.841521213118437 96.3149925383422
17900.777537149967 0.0 0.0 0.0 8.841521213118437 96.3149925383422
22535.743732392308 0.0 0.0 0.0 8.841521213118437 96.3149925383422
28370.820458389808 0.0 0.0 0.0 8.841521213118437 96.3149925383422
35716.746828516785 0.0 0.0 0.0 8.841521213118437 96.3149925383422
44964.72020903851 0.0 0.0 0.0 8.841521213118437 96.3149925383422
56607.22890537334 0.0 0.0 0.0 8.841521213118437 96.3149925383422
71264.27896022382 0.0 0.0 0.0 8.841521213118437 96.3149925383422
