1.1294627058970836 8277632.998490132 4525106.039174605 11036843.997986844 11.130544621714995 43.88136136605968
1.4219093021276406 8297287.966990188 5531525.3113267915 12445931.950485282 11.130544621714995 43.88136136605968
1.7900777537149968 5544659.73704622 3465412.3356538876 7873416.826605633 11.130544621714995 43.88136136605968
2.25357437323923 4515733.096898913 3821004.9281452345 6155291.575157595 11.130544621714995 43.88136136605968
2.83708204583898 3394841.66795082 2708909.5565802436 4178266.668247163 11.130544621714995 43.88136136605968
3.5716746828516763 2661244.3475367893 1745078.2606798618 3141140.869223751 11.130544621714995 43.88136136605968
4.496472020903848 1443108.0607898333 1136994.229713202 1852425.9834865858 11.130544621714995 43.88136136605968
5.660722890537329 1052025.2171817808 795155.7266532294 1147584.174409126 11.130544621714995 43.88136136605968
7.126427896022374 532753.9167253156 395446.20622910024 768923.178778806 11.130544621714995 43.88136136605968
8.971641173621407 313804.9344015742 205239.4377980822 443290.75996517105 11.130544621714995 43.88136136605968
11.294627058970837 183487.53146653116 128689.60101652652 235526.2509170391 11.130544621714995 43.88136136605968
14.219093021276407 94035.93029255528 78215.76790216067 137900.92601137664 11.130544621714995 43.88136136605968
17.90077753714997 53713.89120263533 41584.94802784671 76155.90148832994 11.130544621714995 43.88136136605968
22.535743732392305 29873.31125640814 23467.91754049923 39279.93066133293 11.130544621714995 43.88136136605968
28.3708204583898 15320.311116906285 12632.292893667272 21155.956896891494 11.130544621714995 43.88136136605968
35.71674682851676 8158.240868678351 5235.234782039584 10152.865320635434 11.130544621714995 43.88136136605968
44.96472020903849 3367.252141842939 2039.5927259162945 5160.204581006063 11.130544621714995 43.88136136605968
56.60722890537329 865.7290849725082 328.75788036930686 2342.5094835914347 11.130544621714995 43.88136136605968
71.26427896022375 109.84616839697219 10.984616839697217 519.7920688544723 11.130544621714995 43.88136136605968
89.71641173621408 2.752674863171705 0.0 27.526748631717048 11.130544621714995 43.88136136605968
112.94627058970838 0.0 0.0 0.0 11.130544621714995 43.88136136605968
142.1909302127641 0.0 0.0 0.0 11.130544621714995 43.88136136605968
179.00777537149975 0.0 0.0 0.0 11.130544621714995 43.88136136605968
225.35743732392314 0.0 0.0 0.0 11.130544621714995 43.88136136605968
283.7082045838981 0.0 0.0 0.0 11.130544621714995 43.88136136605968
357.1674682851676 0.0 0.0 0.0 11.130544621714995 43.88136136605968
449.6472020903849 0.0 0.0 0.0 11.130544621714995 43.88136136605968
566.0722890537331 0.0 0.0 0.0 11.130544621714995 43.88136136605968
712.6427896022379 0.0 0.0 0.0 11.130544621714995 43.88136136605968
897.164117362141 0.0 0.0 0.0 11.130544621714995 43.88136136605968
1129.4627058970837 0.0 0.0 0.0 11.130544621714995 43.88136136605968
1421.9093021276408 0.0 0.0 0.0 11.130544621714995 43.88136136605968
1790.0777537149975 0.0 0.0 0.0 11.130544621714995 43.88136136605968
2253.5743732392316 0.0 0.0 0.0 11.130544621714995 43.88136136605968
2837.082045838981 0.0 0.0 0.0 11.130544621714995 43.88136136605968
3571.674682851676 0.0 0.0 0.0 11.130544621714995 43.88136136605968
4496.47202090385 0.0 0.0 0.0 11.130544621714995 43.88136136605968
5660.72289053733 0.0 0.0 0.0 11.130544621714995 43.88136136605968
7126.427896022379 0.0 0.0 0.0 11.130544621714995 43.88136136605968
8971.64117362141 0.0 0.0 0.0 11.130544621714995 43.88136136605968
11294.627058970844 0.0 0.0 0.0 11.130544621714995 43.88136136605968
14219.093021276414 0.0 0.0 0.0 11.130544621714995 43.88136136605968
17900.777537149967 0.0 0.0 0.0 11.130544621714995 43.88136136605968
22535.743732392308 0.0 0.0 0.0 11.130544621714995 43.88136136605968
28370.820458389808 0.0 0.0 0.0 11.130544621714995 43.88136136605968
35716.746828516785 0.0 0.0 0.0 11.130544621714995 43.88136136605968
44964.72020903851 0.0 0.0 0.0 11.130544621714995 43.88136136605968
56607.22890537334 0.0 0.0 0.0 11.130544621714995 43.88136136605968
71264.27896022382 0.0 0.0 0.0 11.130544621714995 43.88136136605968
